
Using the parameter settings in the file: 
''aq_paramfile''

Parameter settings
----------------------- Main parameters -------------------------
DATATYPE = 0
INDFILE = K2.indfile.txt
POPFILE = 
OUTFILE = aq_outfile
MISCFILE = aq_miscfile
K = 2
C = 72
R = 20
M = 1
W = 1
S = 2
- Additional options for the Greedy and LargeKGreedy algorithms -
GREEDY_OPTION = 
REPEATS = 
PERMUTATIONFILE = 
----------------------- Optional outputs ------------------------
PRINT_PERMUTED_DATA = 1
PERMUTED_DATAFILE = /Users/jeff/Projects/Aquilegia/microsat_analysis/structure_AoBP/predefined_specie
PRINT_EVERY_PERM = 0
EVERY_PERMFILE = 
PRINT_RANDOM_INPUTORDER = 
RANDOM_INPUTORDERFILE = 
----------------------- Advanced options ------------------------
OVERRIDE_WARNINGS = 0
ORDER_BY_RUN = 1


In total, 524288 configurations of runs and clusters will be tested.

Results
------------------------------
The highest value of H' is: 0.98924140428822

The list of permutations of the clusters that produces that
H' value is (runs are listed sequentially on separate rows)

1 2 
2 1 
2 1 
1 2 
2 1 
1 2 
1 2 
2 1 
1 2 
2 1 
2 1 
2 1 
1 2 
1 2 
2 1 
2 1 
2 1 
2 1 
1 2 
1 2 

The pairwise G' values for each pair of runs where the clusters
of each run are permuted according to the list of permutations above

1.0000 0.9753 0.9833 0.9839 0.9748 0.9753 0.9856 0.9903 0.9960 0.9867 0.9890 0.9885 0.9854 0.9783 0.9915 0.9845 0.9722 0.9932 0.9861 0.9899 
0.9753 1.0000 0.9910 0.9908 0.9948 0.9952 0.9870 0.9837 0.9762 0.9871 0.9843 0.9856 0.9883 0.9938 0.9825 0.9893 0.9901 0.9793 0.9871 0.9848 
0.9833 0.9910 1.0000 0.9962 0.9891 0.9901 0.9926 0.9911 0.9845 0.9931 0.9906 0.9923 0.9950 0.9923 0.9898 0.9938 0.9848 0.9868 0.9931 0.9923 
0.9839 0.9908 0.9962 1.0000 0.9897 0.9892 0.9948 0.9921 0.9851 0.9954 0.9929 0.9931 0.9937 0.9938 0.9912 0.9961 0.9863 0.9882 0.9946 0.9933 
0.9748 0.9948 0.9891 0.9897 1.0000 0.9919 0.9874 0.9837 0.9754 0.9873 0.9845 0.9847 0.9864 0.9947 0.9823 0.9900 0.9943 0.9791 0.9874 0.9844 
0.9753 0.9952 0.9901 0.9892 0.9919 1.0000 0.9848 0.9826 0.9758 0.9856 0.9828 0.9843 0.9893 0.9904 0.9813 0.9880 0.9867 0.9783 0.9851 0.9838 
0.9856 0.9870 0.9926 0.9948 0.9874 0.9848 1.0000 0.9946 0.9868 0.9974 0.9960 0.9940 0.9902 0.9917 0.9940 0.9957 0.9856 0.9911 0.9975 0.9948 
0.9903 0.9837 0.9911 0.9921 0.9837 0.9826 0.9946 1.0000 0.9910 0.9950 0.9967 0.9958 0.9910 0.9873 0.9974 0.9928 0.9812 0.9941 0.9956 0.9981 
0.9960 0.9762 0.9845 0.9851 0.9754 0.9758 0.9868 0.9910 1.0000 0.9876 0.9898 0.9892 0.9859 0.9794 0.9924 0.9851 0.9728 0.9944 0.9870 0.9907 
0.9867 0.9871 0.9931 0.9954 0.9873 0.9856 0.9974 0.9950 0.9876 1.0000 0.9964 0.9943 0.9917 0.9913 0.9945 0.9969 0.9850 0.9916 0.9967 0.9957 
0.9890 0.9843 0.9906 0.9929 0.9845 0.9828 0.9960 0.9967 0.9898 0.9964 1.0000 0.9948 0.9901 0.9885 0.9968 0.9940 0.9827 0.9941 0.9957 0.9965 
0.9885 0.9856 0.9923 0.9931 0.9847 0.9843 0.9940 0.9958 0.9892 0.9943 0.9948 1.0000 0.9917 0.9881 0.9952 0.9927 0.9821 0.9923 0.9950 0.9964 
0.9854 0.9883 0.9950 0.9937 0.9864 0.9893 0.9902 0.9910 0.9859 0.9917 0.9901 0.9917 1.0000 0.9887 0.9898 0.9922 0.9818 0.9871 0.9910 0.9923 
0.9783 0.9938 0.9923 0.9938 0.9947 0.9904 0.9917 0.9873 0.9794 0.9913 0.9885 0.9881 0.9887 1.0000 0.9862 0.9934 0.9919 0.9832 0.9911 0.9880 
0.9915 0.9825 0.9898 0.9912 0.9823 0.9813 0.9940 0.9974 0.9924 0.9945 0.9968 0.9952 0.9898 0.9862 1.0000 0.9919 0.9801 0.9964 0.9942 0.9970 
0.9845 0.9893 0.9938 0.9961 0.9900 0.9880 0.9957 0.9928 0.9851 0.9969 0.9940 0.9927 0.9922 0.9934 0.9919 1.0000 0.9873 0.9889 0.9954 0.9936 
0.9722 0.9901 0.9848 0.9863 0.9943 0.9867 0.9856 0.9812 0.9728 0.9850 0.9827 0.9821 0.9818 0.9919 0.9801 0.9873 1.0000 0.9773 0.9852 0.9816 
0.9932 0.9793 0.9868 0.9882 0.9791 0.9783 0.9911 0.9941 0.9944 0.9916 0.9941 0.9923 0.9871 0.9832 0.9964 0.9889 0.9773 1.0000 0.9909 0.9936 
0.9861 0.9871 0.9931 0.9946 0.9874 0.9851 0.9975 0.9956 0.9870 0.9967 0.9957 0.9950 0.9910 0.9911 0.9942 0.9954 0.9852 0.9909 1.0000 0.9958 
0.9899 0.9848 0.9923 0.9933 0.9844 0.9838 0.9948 0.9981 0.9907 0.9957 0.9965 0.9964 0.9923 0.9880 0.9970 0.9936 0.9816 0.9936 0.9958 1.0000 
